2,1
3,2
5,1
7,3
11,1
13,3
17,8
19,2
23,22
29,4
31,15
37,6
41,40
43,42
47,46
53,52
59,29
61,60
67,6
71,35
73,72
79,39
83,82
89,88
97,32
101,100
103,102
107,53
109,9
113,7
127,63
131,13
137,136
139,69
149,37
151,10
157,156
163,81
167,166
173,43
179,89
181,90
191,95
193,8
197,98
199,33
211,105
223,222
227,113
229,114
233,232
239,238
241,24
251,250
257,32
263,131
269,268
271,135
277,69
281,70
283,282
293,292
307,306
311,155
313,104
317,158
331,165
337,168
347,173
349,174
353,176
359,179
367,366
373,372
379,189
383,382
389,97
397,99
401,400
409,102
419,209
421,70
431,215
433,144
439,219
443,221
449,56
457,456
461,460
463,231
467,233
479,478
487,486
491,70
499,249
503,251
509,254
521,104
523,522
541,108
547,546
557,556
563,562
569,142
571,190
577,576
587,293
593,296
599,299
601,600
607,606
613,153
617,56
619,618
631,63
641,32
643,107
647,17
653,326
659,658
661,132
673,28
677,169
683,341
691,15
701,100
709,236
719,718
727,3
733,183
739,369
743,742
751,250
757,189
761,76
769,768
773,193
787,393
797,199
809,808
811,810
821,820
823,411
827,118
829,414
839,838
853,142
857,107
859,858
863,862
877,438
881,55
883,147
887,443
907,453
911,910
919,918
929,232
937,234
941,940
947,946
953,119
967,161
971,970
977,976
983,982
991,495
997,249
1009,1008
1013,1012
1019,1018
1021,1020
1031,103
1033,86
1039,1038
1049,524
1051,75
1061,1060
1063,531
1069,267
1087,1086
1091,545
1093,156
1097,1096
1103,1102
1109,277
1117,279
1123,22
1129,564
1151,1150
1153,3
1163,581
1171,18
1181,295
1187,1186
1193,596
1201,48
1213,606
1217,608
1223,611
1229,614
1231,246
1237,618
1249,1248
1259,629
1277,1276
1279,426
1283,1282
1289,644
1291,1290
1297,108
1301,1300
1303,651
1307,653
1319,1318
1321,1320
1327,51
1361,1360
1367,683
1373,1372
1381,690
1399,699
1409,1408
1423,711
1427,1426
1429,476
1433,1432
1439,1438
1447,723
1451,290
1453,1452
1459,1458
1471,2
1481,370
1483,1482
1487,1486
1489,1488
1493,746
1499,1498
1511,755
1523,1522
1531,1530
1543,771
1549,774
1553,1552
1559,779
1567,1566
1571,1570
1579,789
1583,226
1597,1596
1601,1600
1607,803
1609,536
1613,1612
1619,809
1621,324
1627,1626
1637,409
1657,18
1663,831
1667,833
1669,1668
1693,1692
1697,1696
1699,1698
1709,854
1721,1720
1723,1722
1733,1732
1741,580
1747,1746
1753,876
1759,879
1777,1776
1783,891
1787,893
1789,1788
1801,60
1811,181
1823,1822
1831,1830
1847,923
1861,1860
1867,311
1871,1870
1873,36
1877,268
1879,1878
1889,1888
1901,950
1907,1906
1913,239
1931,965
1933,42
1949,974
1951,975
1973,116
1979,989
1987,993
1993,166
1997,998
1999,1998
2003,2002
2011,2010
2017,84
2027,1013
2029,338
2039,2038
2053,19
2063,1031
2069,1034
2081,1040
2083,2082
2087,1043
2089,261
2099,1049
2111,1055
2113,352
2129,266
2131,710
2137,267
2141,214
2143,1071
2153,2152
2161,1080
2179,2178
2203,2202
2207,1103
2213,2212
2221,37
2237,1118
2239,373
2243,2242
2251,75
2267,2266
2269,567
2273,2272
2281,190
2287,2286
2293,2292
2297,56
2309,2308
2311,2310
2333,1166
2339,1169
2341,1170
2347,2346
2351,1175
2357,2356
2371,790
2377,99
2381,2380
2383,794
2389,597
2393,299
2399,2398
2411,1205
2417,2416
2423,2422
2437,812
2441,488
2447,1223
2459,2458
2467,2466
2473,206
2477,2476
2503,1251
2521,72
2531,506
2539,1269
2543,1271
2549,91
2551,1275
2557,1278
2579,2578
2591,1295
2593,72
2609,2608
2617,12
2621,2620
2633,1316
2647,147
2657,2656
2659,1329
2663,2662
2671,2670
2677,669
2683,2682
2687,2686
2689,2688
2693,1346
2699,2698
2707,123
2711,2710
2713,678
2719,151
2729,1364
2731,195
2741,1370
2749,687
2753,2752
2767,1383
2777,2776
2789,1394
2791,279
2797,699
2801,2800
2803,2802
2819,2818
2833,2832
2837,2836
2843,203
2851,1425
2857,2856
2861,2860
2879,2878
2887,481
2897,181
2903,2902
2909,727
2917,2916
2927,1463
2939,2938
2953,2952
2957,739
2963,1481
2969,1484
2971,270
2999,1499
3001,2
3011,1505
3019,1509
3023,1511
3037,1518
3041,608
3049,762
3061,3060
3067,1022
3079,1539
3083,1541
3089,1544
3109,3108
3119,3118
3121,624
3137,3136
3163,1581
3167,1583
3169,3168
3181,265
3187,531
3191,1595
3203,1601
3209,3208
3217,804
3221,3220
3229,1076
3251,3250
3253,271
3257,3256
3259,543
3271,3270
3299,1649
3301,330
3307,551
3313,828
3319,158
3323,1661
3329,3328
3331,370
3343,3342
3347,1673
3359,46
3361,3360
3371,1685
3373,3372
3389,847
3391,1130
3407,3406
3413,853
3433,1716
3449,862
3457,1728
3461,346
3463,1731
3467,3466
3469,1734
3491,1745
3499,3498
3511,351
3517,3516
3527,3526
3529,441
3533,1766
3539,3538
3541,1180
3547,3546
3557,3556
3559,593
3571,3570
3581,895
3583,3582
3593,3592
3607,1803
3613,86
3617,904
3623,1811
3631,1815
3637,1818
3643,1821
3659,1829
3671,3670
3673,459
3677,3676
3691,205
3697,42
3701,925
3709,3708
3719,3718
3727,3726
3733,3732
3739,3738
3761,3760
3767,3766
3769,1256
3779,1889
3793,3792
3797,949
3803,3802
3821,3820
3823,1911
3833,3832
3847,3846
3851,770
3853,428
3863,3862
3877,969
3881,485
3889,648
3907,434
3911,1955
3917,979
3919,1306
3923,1961
3929,3928
3931,1310
3943,1971
3947,3946
3967,3966
3989,997
4001,500
4003,4002
4007,2003
4013,4012
4019,574
4021,1340
4027,1342
4049,4048
4051,405
4057,4056
4073,4072
4079,2039
4091,818
4093,4092
4099,2049
4111,2055
4127,2063
4129,2064
4133,2066
4139,2069
4153,2076
4157,4156
4159,693
4177,1044
4201,600
4211,4210
4217,2108
4219,2109
4229,4228
4231,846
4241,4240
4243,2121
4253,4252
4259,4258
4261,1065
4271,427
4273,534
4283,2141
4289,1072
4297,358
4327,2163
4337,2168
4339,4338
4349,4348
4357,484
4363,1454
4373,2186
4391,2195
4397,4396
4409,2204
4421,2210
4423,67
4441,20
4447,1482
4451,890
4457,4456
4463,2231
4481,4480
4483,4482
4493,4492
4507,4506
4513,4512
4517,4516
4519,251
4523,2261
4547,4546
4549,379
4561,912
4567,2283
4583,4582
4591,4590
4597,4596
4603,4602
4621,4620
4637,244
4639,4638
4643,2321
4649,1162
4651,2325
4657,776
4663,4662
4673,4672
4679,2339
4691,2345
4703,4702
4721,4720
4723,4722
4729,4728
4733,676
4751,4750
4759,1586
4783,797
4787,4786
4789,2394
4793,4792
4799,2399
4801,1600
4813,1203
4817,4816
4831,483
4861,1620
4871,2435
4877,2438
4889,4888
4903,4902
4909,1636
4919,2459
4931,4930
4933,2466
4937,2468
4943,4942
4951,2475
4957,4956
4967,4966
4969,1242
4973,4972
4987,4986
4993,4992
4999,1666
5003,2501
5009,5008
5011,2505
5021,5020
5023,279
5039,2519
5051,5050
5059,281
5077,1269
5081,5080
5087,5086
5099,2549
5101,1275
5107,2553
5113,5112
5119,1706
5147,5146
5153,1288
5167,246
5171,2585
5179,5178
5189,5188
5197,1299
5209,168
5227,2613
5231,5230
5233,2616
5237,1309
5261,5260
5273,2636
5279,5278
5281,176
5297,2648
5303,2651
5309,5308
5323,2661
5333,2666
5347,5346
5351,5350
5381,2690
5387,2693
5393,674
5399,5398
5407,102
5413,2706
5417,5416
5419,903
5431,5430
5437,1359
5441,320
5443,2721
5449,5448
5471,2735
5477,1369
5479,5478
5483,2741
5501,55
5503,2751
5507,2753
5519,2759
5521,345
5527,921
5531,1106
5557,2778
5563,2781
5569,1392
5573,2786
5581,5580
5591,215
5623,2811
5639,2819
5641,1410
5647,1882
5651,1130
5653,5652
5657,2828
5659,943
5669,5668
5683,5682
5689,1896
5693,1423
5701,5700
5711,2855
5717,1429
5737,5736
5741,1435
5743,957
5749,5748
5779,2889
5783,5782
5791,2895
5801,5800
5807,5806
5813,5812
5821,5820
5827,1942
5839,5838
5843,5842
5849,1462
5851,2925
5857,5856
5861,293
5867,2933
5869,5868
5879,5878
5881,42
5897,5896
5903,5902
5923,2961
5927,2963
5939,2969
5953,2976
5981,5980
5987,5986
6007,143
6011,6010
6029,6028
6037,6036
6043,1007
6047,3023
6053,6052
6067,674
6073,6072
6079,6078
6089,1522
6091,6090
6101,3050
6113,1528
6121,765
6131,3065
6133,2044
6143,6142
6151,1025
6163,6162
6173,6172
6197,6196
6199,2066
6203,6202
6211,621
6217,518
6221,1555
6229,1038
6247,6246
6257,6256
6263,6262
6269,3134
6271,285
6277,3138
6287,3143
6299,6298
6301,175
6311,6310
6317,1579
6323,3161
6329,6328
6337,6336
6343,2114
6353,3176
6359,3179
6361,3180
6367,3183
6373,708
6379,1063
6389,6388
6397,1599
6421,535
6427,714
6449,248
6451,3225
6469,2156
6473,809
6481,6480
6491,649
6521,815
6529,6528
6547,2182
6551,262
6553,6552
6563,6562
6569,821
6571,3285
6577,1096
6581,6580
6599,6598
6607,1101
6619,2206
6637,6636
6653,6652
6659,3329
6661,555
6673,1112
6679,371
6689,6688
6691,3345
6701,6700
6703,3351
6709,6708
6719,6718
6733,1683
6737,6736
6761,6760
6763,966
6779,6778
6781,1130
6791,6790
6793,2264
6803,6802
6823,6822
6827,3413
6829,3414
6833,6832
6841,3420
6857,3428
6863,6862
6869,1717
6871,6870
6883,6882
6899,6898
6907,2302
6911,6910
6917,6916
6947,3473
6949,386
6959,3479
6961,1392
6967,2322
6971,697
6977,3488
6983,6982
6991,3495
6997,3498
7001,200
7013,1753
7019,7018
7027,7026
7039,414
7043,3521
7057,2352
7069,7068
7079,7078
7103,7102
7109,7108
7121,7120
7127,7126
7129,3564
7151,7150
7159,3579
7177,1794
7187,3593
7193,3596
7207,3603
7211,721
7213,1202
7219,2406
7229,7228
7237,268
7243,7242
7247,3623
7253,3626
7283,3641
7297,608
7307,7306
7309,7308
7321,7320
7331,1466
7333,3666
7349,668
7351,1225
7369,7368
7393,1232
7411,3705
7417,7416
7433,929
7451,3725
7457,3728
7459,2486
7477,7476
7481,748
7487,3743
7489,7488
7499,3749
7507,1251
7517,1879
7523,7522
7529,3764
7537,2512
7541,3770
7547,7546
7549,3774
7559,3779
7561,945
7573,2524
7577,7576
7583,7582
7589,542
7591,2530
7603,3801
7607,3803
7621,635
7639,1273
7643,3821
7649,3824
7669,3834
7673,1096
7681,192
7687,7686
7691,7690
7699,1283
7703,7702
7717,1929
7723,1287
7727,3863
7741,1935
7753,7752
7757,7756
7759,1293
7789,649
7793,7792
7817,3908
7823,3911
7829,7828
7841,784
7853,604
7867,874
7873,492
7877,358
7879,303
7883,7882
7901,1975
7907,3953
7919,7918
7927,2642
7933,3966
7937,7936
7949,3974
7951,3975
7963,2654
7993,7992
8009,1144
8011,4005
8017,1002
8039,8038
8053,671
8059,8058
8069,8068
8081,8080
8087,4043
8089,1348
8093,476
8101,8100
8111,1622
8117,8116
8123,4061
8147,4073
8161,2040
8167,4083
8171,8170
8179,2726
8191,2730
8209,8208
8219,4109
8221,8220
8231,8230
8233,1372
8237,2059
8243,634
8263,2754
8269,318
8273,8272
8287,4143
8291,8290
8293,2073
8297,8296
8311,1385
8317,924
8329,4164
8353,8352
8363,8362
8369,8368
8377,8376
8387,4193
8389,1398
8419,8418
8423,8422
8429,2107
8431,4215
8443,1206
8447,8446
8461,8460
8467,8466
8501,2125
8513,8512
8521,8520
8527,8526
8537,4268
8539,2846
8543,4271
8563,8562
8573,4286
8581,286
8597,4298
8599,1433
8609,8608
8623,4311
8627,8626
8629,8628
8641,216
8647,8646
8663,8662
8669,4334
8677,8676
8681,8680
8689,2896
8693,2173
8699,8698
8707,8706
8713,8712
8719,8718
8731,873
8737,672
8741,4370
8747,4373
8753,8752
8761,8760
8779,418
8783,4391
8803,163
8807,4403
8819,4409
8821,4410
8831,8830
8837,8836
8839,2946
8849,8848
8861,8860
8863,8862
8867,4433
8887,8886
8893,8892
8923,8922
8929,8928
8933,8932
8941,2980
8951,895
8963,4481
8969,8968
8971,4485
8999,8998
9001,9000
9007,4503
9011,9010
9013,3004
9029,4514
9041,2260
9043,9042
9049,104
9059,9058
9067,9066
9091,9090
9103,74
9109,4554
9127,338
9133,2283
9137,4568
9151,3050
9157,9156
9161,1145
9173,9172
9181,765
9187,9186
9199,4599
9203,107
9209,2302
9221,4610
9227,9226
9239,4619
9241,4620
9257,9256
9277,1546
9281,9280
9283,3094
9293,9292
9311,4655
9319,3106
9323,9322
9337,9336
9341,9340
9343,4671
9349,9348
9371,9370
9377,9376
9391,9390
9397,4698
9403,4701
9413,9412
9419,4709
9421,785
9431,410
9433,9432
9437,1348
9439,4719
9461,9460
9463,9462
9467,4733
9473,4736
9479,4739
9491,9490
9497,9496
9511,1585
9521,119
9533,9532
9539,9538
9547,3182
9551,4775
9587,9586
9601,600
9613,3204
9619,1603
9623,9622
9629,9628
9631,9630
9643,9642
9649,9648
9661,2415
9677,4838
9679,9678
9689,4844
9697,9696
9719,4859
9721,1215
9733,9732
9739,3246
9743,9742
9749,4874
9767,4883
9769,888
9781,4890
9787,4893
9791,979
9803,9802
9811,1962
9817,4908
9829,9828
9833,9832
9839,4919
9851,4925
9857,64
9859,3286
9871,9870
9883,9882
9887,4943
9901,4950
9907,3302
9923,9922
9929,9928
9931,1986
9941,4970
9949,4974
9967,3322
9973,9972
10007,5003
10009,417
10037,10036
10039,10038
10061,5030
10067,5033
10069,839
10079,10078
10091,5045
10093,5046
10099,459
10103,10102
10111,3370
10133,10132
10139,5069
10141,169
10151,1450
10159,3386
10163,10162
10169,10168
10177,1696
10181,10180
10193,10192
10211,10210
10223,5111
10243,569
10247,5123
10253,10252
10259,5129
10267,3422
10271,395
10273,5136
10289,5144
10301,5150
10303,10302
10313,1289
10321,1720
10331,5165
10333,10332
10337,5168
10343,10342
10357,1726
10369,2592
10391,10390
10399,5199
10427,10426
10429,10428
10433,326
10453,10452
10457,2614
10459,1743
10463,10462
10477,3492
10487,5243
10499,10498
10501,2625
10513,10512
10529,5264
10531,10530
10559,5279
10567,5283
10589,10588
10597,10596
10601,10600
10607,5303
10613,758
10627,1518
10631,1063
10639,10638
10651,2130
10657,333
10663,5331
10667,5333
10687,5343
10691,2138
10709,10708
10711,51
10723,10722
10729,1192
10733,10732
10739,10738
10753,10752
10771,1795
10781,1078
10789,899
10799,10798
10831,15
10837,301
10847,10846
10853,10852
10859,10858
10861,3620
10867,10866
10883,5441
10889,5444
10891,5445
10903,1817
10909,10908
10937,1367
10939,3646
10949,5474
10957,5478
10973,5486
10979,5489
10987,5493
10993,3664
11003,5501
11027,11026
11047,5523
11057,11056
11059,5529
11069,2767
11071,738
11083,5541
11087,11086
11093,2773
11113,463
11117,794
11119,5559
11131,5565
11149,11148
11159,11158
11161,5580
11171,11170
11173,588
11177,11176
11197,5598
11213,5606
11239,1873
11243,5621
11251,5625
11257,11256
11261,5630
11273,2818
11279,5639
11287,209
11299,1883
11311,377
11317,11316
11321,11320
11329,3776
11351,11350
11353,11352
11369,11368
11383,5691
11393,11392
11399,11398
11411,5705
11423,11422
11437,2859
11443,3814
11447,11446
11467,1911
11471,11470
11483,11482
11489,1436
11491,5745
11497,3832
11503,3834
11519,11518
11527,5763
11549,11548
11551,5775
11579,827
11587,1931
11593,1449
11597,5798
11617,5808
11621,415
11633,11632
11657,11656
11677,3892
11681,11680
11689,11688
11699,11698
11701,325
11717,2929
11719,93
11731,5865
11743,3914
11777,11776
11779,5889
11783,11782
11789,1684
11801,1475
11807,5903
11813,11812
11821,5910
11827,11826
11831,11830
11833,986
11839,11838
11863,3954
11867,11866
11887,1981
11897,11896
11903,11902
11909,11908
11923,5961
11927,11926
11933,11932
11939,11938
11941,11940
11953,1328
11959,11958
11969,11968
11971,3990
11981,2396
11987,11986
12007,6003
12011,2402
12037,6018
12041,1505
12043,12042
12049,12048
12071,6035
12073,4024
12097,12096
12101,3025
12107,12106
12109,6054
12113,6056
12119,6059
12143,6071
12149,3037
12157,4052
12161,3040
12163,2027
12197,12196
12203,6101
12211,2035
12227,6113
12239,12238
12241,6
12251,12250
12253,6126
12263,6131
12269,3067
12277,36
12281,12280
12289,4096
12301,1025
12323,6161
12329,3082
12343,4114
12347,12346
12373,12372
12377,1768
12379,6189
12391,12390
12401,6200
12409,6204
12413,12412
12421,6210
12433,12432
12437,12436
12451,12450
12457,4152
12473,3118
12479,734
12487,4162
12491,6245
12497,3124
12503,6251
12511,278
12517,2086
12527,12526
12539,6269
12541,2090
12547,6273
12553,12552
12569,12568
12577,6288
12583,2097
12589,6294
12601,1800
12611,6305
12613,6306
12619,12618
12637,3159
12641,12640
12647,6323
12653,6326
12659,6329
12671,6335
12689,12688
12697,92
12703,6351
12713,12712
12721,4240
12739,12738
12743,12742
12757,4252
12763,6381
12781,12780
12791,2558
12799,711
12809,6404
12821,12820
12823,12822
12829,12828
12841,642
12853,1071
12889,12888
12893,586
12899,12898
12907,6453
12911,12910
12917,12916
12919,12918
12923,6461
12941,6470
12953,12952
12959,6479
12967,6483
12973,12972
12979,12978
12983,12982
13001,2600
13003,6501
13007,6503
13009,13008
13033,6516
13037,13036
13043,6521
13049,1631
13063,1866
13093,13092
13099,2183
13103,6551
13109,13108
13121,205
13127,6563
13147,6573
13151,13150
13159,6579
13163,13162
13171,6585
13177,1647
13183,4394
13187,13186
13217,1652
13219,6609
13229,3307
13241,13240
13249,2208
13259,1894
13267,13266
13291,2215
13297,2216
13309,3327
13313,512
13327,4442
13331,2666
13337,13336
13339,2223
13367,6683
13381,1115
13397,6698
13399,13398
13411,6705
13417,13416
13421,13420
13441,896
13451,13450
13457,6728
13463,6731
13469,13468
13477,4492
13487,13486
13499,794
13513,2252
13523,6761
13537,4512
13553,484
13567,6783
13577,13576
13591,2265
13597,6798
13613,6806
13619,13618
13627,6813
13633,4544
13649,6824
13669,1139
13679,6839
13681,13680
13687,6843
13691,13690
13693,6846
13697,13696
13709,6854
13711,6855
13721,3430
13723,13722
13729,1248
13751,13750
13757,13756
13759,13758
13763,6881
13781,3445
13789,13788
13799,13798
13807,6903
13829,3457
13831,2305
13841,6920
13859,6929
13873,578
13877,13876
13879,13878
13883,6941
13901,13900
13903,2317
13907,6953
13913,13912
13921,13920
13931,13930
13933,13932
13963,6981
13967,6983
13997,13996
13999,2333
14009,14008
14011,7005
14029,4676
14033,3508
14051,14050
14057,14056
14071,1407
14081,1760
14083,7041
14087,7043
14107,4702
14143,14142
14149,14148
14153,14152
14159,7079
14173,7086
14177,14176
14197,338
14207,7103
14221,1580
14243,7121
14249,14248
14251,125
14281,340
14293,14292
14303,7151
14321,14320
14323,2387
14327,7163
14341,2390
14347,7173
14369,14368
14387,14386
14389,14388
14401,14400
14407,4802
14411,7205
14419,14418
14423,7211
14431,7215
14437,14436
14447,7223
14449,14448
14461,7230
14479,14478
14489,7244
14503,14502
14519,14518
14533,7266
14537,7268
14543,7271
14549,14548
14551,25
14557,2426
14561,560
14563,2427
14591,14590
14593,768
14621,7310
14627,14626
14629,4876
14633,14632
14639,14638
14653,1221
14657,14656
14669,3667
14683,14682
14699,7349
14713,14712
14717,14716
14723,14722
14731,7365
14737,1842
14741,7370
14747,7373
14753,14752
14759,7379
14767,4922
14771,1055
14779,14778
14783,7391
14797,2466
14813,14812
14821,195
14827,2471
14831,2966
14843,14842
14851,7425
14867,7433
14869,7434
14879,14878
14887,14886
14891,7445
14897,7448
14923,7461
14929,1866
14939,14938
14947,4982
14951,7475
14957,14956
14969,14968
14983,7491
15013,5004
15017,3754
15031,501
15053,15052
15061,1004
15073,3768
15077,15076
15083,15082
15091,15090
15101,3020
15107,7553
15121,5040
15131,15130
15137,3784
15139,15138
15149,15148
15161,7580
15173,15172
15187,7593
15193,15192
15199,447
15217,5072
15227,7613
15233,3808
15241,15240
15259,2543
15263,15262
15269,15268
15271,15270
15277,3819
15287,7643
15289,1176
15299,7649
15307,7653
15313,1392
15319,15318
15329,15328
15331,15330
15349,7674
15359,7679
15361,1536
15373,7686
15377,3844
15383,7691
15391,1026
15401,7700
15413,15412
15427,7713
15439,5146
15443,15442
15451,15450
15461,7730
15467,703
15473,3868
15493,15492
15497,3874
15511,1551
15527,7763
15541,37
15551,7775
15559,15558
15569,2224
15581,1558
15583,7791
15601,5200
15607,7803
15619,2603
15629,15628
15641,3128
15643,1738
15647,15646
15649,3912
15661,1044
15667,7833
15671,7835
15679,603
15683,15682
15727,7863
15731,3146
15733,15732
15737,7868
15739,15738
15749,7874
15761,3940
15767,15766
15773,15772
15787,7893
15791,15790
15797,15796
15803,15802
15809,15808
15817,3954
15823,15822
15859,5286
15877,252
15881,15880
15887,15886
15889,3972
15901,7950
15907,15906
15913,5304
15919,5306
15923,7961
15937,7968
15959,7979
15971,15970
15973,3993
15991,7995
16001,16000
16007,8003
16033,16032
16057,8028
16061,16060
16063,8031
16067,8033
16069,8034
16073,16072
16087,5362
16091,1609
16097,16096
16103,8051
16111,2685
16127,8063
16139,8069
16141,2690
16183,5394
16187,16186
16189,16188
16193,16192
16217,8108
16223,8111
16229,4057
16231,541
16249,16248
16253,16252
16267,5422
16273,5424
16301,8150
16319,16318
16333,4083
16339,16338
16349,16348
16361,1636
16363,16362
16369,5456
16381,4095
16411,2735
16417,16416
16421,3284
16427,16426
16433,8216
16447,5482
16451,8225
16453,1371
16477,16476
16481,16
16487,8243
16493,16492
16519,8259
16529,16528
16547,8273
16553,8276
16561,16560
16567,33
16573,8286
16603,8301
16607,8303
16619,16618
16631,8315
16633,792
16649,2081
16651,5550
16657,1041
16661,16660
16673,4168
16691,1669
16693,1391
16699,5566
16703,8351
16729,697
16741,4185
16747,8373
16759,16758
16763,16762
16787,8393
16811,8405
16823,16822
16829,16828
16831,8415
16843,2807
16871,8435
16879,8439
16883,734
16889,8444
16901,8450
16903,8451
16921,5640
16927,16926
16931,16930
16937,8468
16943,16942
16963,16962
16979,16978
16981,2830
16987,5662
16993,1888
17011,1134
17021,8510
17027,8513
17029,4257
17033,17032
17041,1065
17047,17046
17053,8526
17077,17076
17093,4273
17099,17098
17107,8553
17117,17116
17123,8561
17137,8568
17159,17158
17167,5722
17183,8591
17189,17188
17191,955
17203,5734
17207,8603
17209,956
17231,8615
17239,17238
17257,8628
17291,1729
17293,17292
17299,17298
17317,17316
17321,866
17327,8663
17333,17332
17341,17340
17351,17350
17359,8679
17377,8688
17383,8691
17387,17386
17389,17388
17393,17392
17401,8700
17417,2488
17419,8709
17431,17430
17443,5814
17449,17448
17467,17466
17471,17470
17477,8738
17483,8741
17489,8744
17491,8745
17497,17496
17509,17508
17519,922
17539,2923
17551,270
17569,8784
17573,17572
17579,8789
17581,8790
17597,4399
17599,17598
17609,4402
17623,267
17627,8813
17657,17656
17659,17658
17669,17668
17681,3536
17683,421
17707,17706
17713,17712
17729,17728
17737,2217
17747,8873
17749,17748
17761,17760
17783,17782
17789,8894
17791,5930
17807,17806
17827,17826
17837,2548
17839,17838
17851,5950
17863,5954
17881,4470
17891,1789
17903,17902
17909,8954
17911,3582
17921,224
17923,17922
17929,5976
17939,8969
17957,8978
17959,2993
17971,3594
17977,321
17981,17980
17987,8993
17989,17988
18013,3002
18041,4510
18043,6014
18047,9023
18049,9024
18059,18058
18061,2580
18077,9038
18089,18088
18097,3016
18119,18118
18121,1208
18127,1007
18131,9065
18133,18132
18143,9071
18149,4537
18169,9084
18181,18180
18191,3638
18199,18198
18211,6070
18217,6072
18223,9111
18229,1519
18233,9116
18251,9125
18253,1404
18257,4564
18269,9134
18287,9143
18289,254
18301,732
18307,9153
18311,18310
18313,3052
18329,18328
18341,18340
18353,18352
18367,9183
18371,3674
18379,3063
18397,18396
18401,18400
18413,4603
18427,3071
18433,9216
18439,18438
18443,9221
18451,18450
18457,6152
18461,18460
18481,18480
18493,4623
18503,9251
18517,18516
18521,3704
18523,1323
18539,9269
18541,1854
18553,18552
18583,18582
18587,9293
18593,18592
18617,358
18637,6212
18661,311
18671,3734
18679,9339
18691,18690
18701,18700
18713,2339
18719,18718
18731,9365
18743,9371
18749,18748
18757,18756
18773,18772
18787,3131
18793,4698
18797,18796
18803,79
18839,9419
18859,9429
18869,356
18899,9449
18911,9455
18913,3152
18917,18916
18919,9459
18947,18946
18959,9479
18973,1581
18979,18978
19001,9500
19009,6336
19013,19012
19031,19030
19037,19036
19051,6350
19069,6356
19073,4768
19079,19078
19081,2120
19087,19086
19121,4780
19139,9569
19141,6380
19157,9578
19163,9581
19181,2740
19183,9591
19207,9603
19211,9605
19213,19212
19219,19218
19231,1923
19237,6412
19249,9624
19259,19258
19267,741
19273,2409
19289,19288
19301,4825
19309,6436
19319,19318
19333,19332
19373,19372
19379,9689
19381,3230
19387,9693
19391,9695
19403,9701
19417,6472
19421,19420
19423,19422
19427,9713
19429,9714
19433,19432
19441,9720
19447,3241
19457,19456
19463,9731
19469,19468
19471,9735
19477,541
19483,19482
19489,19488
19501,9750
19507,19506
19531,3255
19541,4885
19543,19542
19553,9776
19559,1397
19571,3914
19577,19576
19583,9791
19597,6532
19603,9801
19609,19608
19661,19660
19681,984
19687,6562
19697,1231
19699,9849
19709,19708
19717,4929
19727,19726
19739,9869
19751,9875
19753,6584
19759,19758
19763,9881
19777,824
19793,19792
19801,19800
19813,78
19819,367
19841,320
19843,19842
19853,9926
19861,9930
19867,602
19889,19888
19891,39
19913,19912
19919,19918
19927,19926
19937,9968
19949,9974
19961,2495
19963,9981
19973,19972
19979,9989
19991,3998
19993,2856
19997,19996
20011,10005
20021,10010
20023,10011
20029,10014
20047,6682
20051,20050
20063,20062
20071,20070
20089,1116
20101,10050
20107,20106
20113,10056
20117,10058
20123,20122
20129,5032
20143,10071
20147,10073
20149,10074
20161,5040
20173,6724
20177,20176
20183,10091
